4294967278,132
4294967278,129
4294967278,127
4294967278,126
4294967278,121
4294967278,423
4294967278,120
4294967278,118
4294967278,112
4294967278,308
4294967278,110
4294967278,418
4294967278,108
4294967278,107
4294967278,217
4294967278,106
4294967278,105
4294967278,102
4294967278,375
4294967278,100
4294967278,99
4294967278,306
4294967278,98
4294967278,97
4294967278,95
4294967278,94
4294967278,93
4294967278,91
4294967278,90
4294967278,89
4294967278,87
4294967278,86
4294967278,84
4294967278,82
4294967278,81
4294967278,80
4294967278,79
4294967278,78
4294967278,73
4294967278,71
4294967278,70
4294967278,69
4294967278,174
4294967278,231
4294967278,68
4294967278,66
4294967278,65
4294967278,64
4294967278,63
4294967279,82
4294967279,81
4294967279,80
4294967279,79
4294967279,77
4294967279,75
4294967279,74
4294967279,72
4294967279,71
4294967279,70
4294967279,69
4294967279,68
4294967279,67
4294967279,66
4294967279,65
4294967279,64
4294967279,63
4294967279,62
4294967279,60
4294967279,59
4294967279,58
4294967279,57
4294967279,56
4294967279,55
4294967279,54
4294967279,52
4294967279,50
4294967279,49
4294967279,47
4294967279,46
4294967279,45
4294967279,260
4294967279,44
4294967279,42
4294967279,41
4294967279,40
4294967279,39
4294967279,36
4294967279,35
4294967279,34
4294967279,33
4294967279,32
4294967279,31
4294967279,30
4294967279,29
4294967279,25
4294967279,24
4294967279,22
4294967279,21
4294967279,20
4294967279,19
4294967279,18
4294967279,17
4294967279,16
4294967279,14
4294967279,11
4294967279,9
4294967279,8
4294967279,7
4294967279,28
4294967278,317
4294967279,23
4294967279,331
4294967278,337
4294967294,30
4294967294,61
4294967294,11
4294967294,68
4294967279,12
4294967279,329
4294967279,256
4294967279,6
4294967278,125
4294967279,5
4294967278,392
4294967279,358
4294967278,369
4294967278,356
723,6
723,5
723,4
723,3
723,2
723,1
4294967278,347
4294967278,124
4294967278,123
4294967278,410
4294967278,122
4294967279,249
4294967294,1413
4294967294,1005
4294967294,196
4294967294,1009
4294967294,1008
4294967278,240
4294967278,336
4294967278,311
4294967278,260
4294967279,227
4294967278,224
4294967279,217
4294967278,213
4294967278,216
720,5
4294967279,215
720,4
4294967278,214
720,3
720,2
720,1
4294967279,210
4294967278,209
4294967279,209
4294967278,96
4294967278,208
4294967278,394
4294967279,208
4294967278,207
4294967279,541
4294967279,269
4294967279,336
4294967279,199
4294967278,198
4294967279,198
4294967279,196
4294967278,197
4294967278,196
4294967278,193
4294967279,193
4294967278,192
4294967279,192
4294967279,78
4294967278,77
4294967279,309
4294967278,186
4294967279,185
4294967278,184
4294967278,181
4294967279,184
716,6
4294967278,183
716,5
4294967279,183
716,4
4294967278,182
716,3
716,2
716,1
4294967278,441
4294967279,301
4294967278,414
4294967279,382
4294967278,313
4294967278,177
4294967279,177
4294967279,307
4294967278,176
4294967278,266
4294967279,173
4294967279,171
4294967278,167
4294967278,293
4294967279,540
4294967278,401
4294967279,252
4294967278,334
4294967294,38
4294967294,37
4294967294,45
4294967294,426
4294967294,149
4294967294,41
4294967294,40
4294967294,43
4294967294,51
4294967279,527
4294967278,403
4294967279,155
713,6
4294967279,158
713,5
713,4
713,3
713,2
713,1
4294967278,130
4294967278,128
4294967278,432
4294967278,119
4294967278,116
4294967278,113
4294967278,111
4294967278,92
4294967278,85
4294967278,235
4294967278,83
4294967278,76
4294967278,314
4294967278,75
4294967278,324
4294967278,74
4294967278,233
4294967278,72
4294967278,67
4294967278,62
4294967279,251
4294967279,362
4294967279,83
4294967279,76
4294967279,533
4294967279,555
4294967279,73
4294967279,61
4294967279,53
4294967279,51
4294967279,48
4294967279,38
4294967279,37
4294967279,26
4294967294,99
4294967279,15
4294967279,539
4294967279,0
4294967279,43
4294967294,53
4294967294,416
4294967278,400
4294967279,340
4294967278,153
4294967278,152
4294967294,92
4294967294,90
4294967294,88
4294967294,86
4294967294,85
4294967279,216
4294967294,1414
4294967279,145
4294967279,146
4294967279,355
4294967278,143
4294967279,142
4294967278,142
4294967294,436
4294967294,5
4294967278,333
4294967279,27
4294967279,332
4294967278,277
4294967279,270
710,5
4294967278,133
710,4
710,3
710,2
710,1
4294967279,281
4294967278,274
4294967279,280
4294967278,273
4294967279,13
4294967279,265
708,4
708,3
708,2
708,1
4294967279,242
4294967279,10
4294967279,275
4294967294,1416
4294967278,281
4294967278,372
707,6
4294967294,385
4294967294,459
4294967294,390
4294967294,169
4294967294,407
4294967279,258
4294967279,523
4294967278,332
4294967278,331
4294967278,346
707,5
4294967294,423
4294967279,4
4294967278,262
4294967279,255
4294967278,261
707,4
4294967279,254
707,3
707,2
707,1
4294967278,278
4294967279,253
4294967294,114
4294967279,517
4294967294,201
4294967294,129
4294967294,150
4294967294,418
4294967278,131
4294967278,223
4294967279,532
4294967279,361
4294967278,371
706,5
4294967294,89
4294967294,996
4294967294,997
4294967294,193
4294967294,198
4294967278,386
706,4
4294967294,9
4294967278,358
706,3
706,2
706,1
4294967278,329
4294967278,0
4294967279,546
4294967279,570
4294967278,117
4294967278,425
4294967279,334
4294967279,378
4294967278,250
4294967279,248
4294967278,248
4294967278,242
4294967278,246
705,5
705,4
705,3
705,2
